grafana-version: 0.7.211111
db-config-version: 0.7.2222222